,Month,elec_cash,gas_cash
0,January,389.0695080555555,0.43088142326099993
1,February,351.4172077777778,0.421678814781
2,March,389.0695080555555,2.885696445645
3,April,376.51820861111116,21.3118386
4,May,389.0695080555555,75.119179
5,June,376.51820861111116,112.753409
6,July,389.0695080555555,245.263894
7,August,389.0695080555555,162.36176999999998
8,September,376.51820861111116,75.092291
9,October,389.0695080555555,8.2617906
10,November,376.51820861111116,6.9841904999999995
11,December,389.0695080555555,4.739638031853
